version https://git-lfs.github.com/spec/v1
oid sha256:3b6d347b6d2a110e856e296a46b22e57baee6cc9e8c260efce6ea22b4d75c8a3
size 798609
